# Hybrid Glider Plugin Log
# t,x,y,z,p,q,r
0.1,0,0,-5,0,0,3.14159
0.2,-0.00129107,0,-5.00512,0,-0.000574793,3.14159
0.4,-0.00112093,0,-5.00399,0,-0.00363075,3.14159
0.5,-0.000430703,0,-5.00321,0,-0.00586494,3.14159
0.8,0.00263303,0,-5.0001,0,-0.0147764,3.14159
0.9,0.00397548,0,-4.99883,0,-0.0183902,3.14159
1,0.00547312,0,-4.99744,0,-0.0222897,3.14159
1.1,0.0071224,0,-4.99595,0,-0.0264563,3.14159
1.2,0.00891957,0,-4.99436,0,-0.0308723,3.14159
1.3,0.0108607,0,-4.99267,0,-0.0355207,3.14159
1.4,0.0129418,0,-4.99089,0,-0.0403852,3.14159
1.5,0.0151586,0,-4.98903,0,-0.0454503,3.14159
1.6,0.0175068,0,-4.98708,0,-0.0507006,3.14159
1.7,0.0199819,0,-4.98505,0,-0.0561218,3.14159
1.8,0.0225794,0,-4.98296,0,-0.0616996,3.14159
1.9,0.0252946,0,-4.98079,0,-0.0674206,3.14159
2,0.028123,0,-4.97856,0,-0.0732715,3.14159
2.1,0.0310597,0,-4.97627,0,-0.0792399,3.14159
2.2,0.0341001,0,-4.97393,0,-0.0853135,3.14159
2.3,0.0372394,0,-4.97153,0,-0.0914806,3.14159
2.4,0.0404729,0,-4.96909,0,-0.0977299,3.14159
2.5,0.0437959,0,-4.96661,0,-0.10405,3.14159
2.6,0.0472036,0,-4.96409,0,-0.110432,3.14159
2.7,0.0506915,0,-4.96153,0,-0.116864,3.14159
2.8,0.054255,0,-4.95894,0,-0.123337,3.14159
2.9,0.0578895,0,-4.95632,0,-0.129842,3.14159
3,0.0615907,0,-4.95368,0,-0.136369,3.14159
3.1,0.0653542,0,-4.95101,0,-0.142911,3.14159
3.2,0.0691757,0,-4.94832,0,-0.149458,3.14159
3.3,0.0730512,0,-4.94562,0,-0.156004,3.14159
3.4,0.0769766,0,-4.9429,0,-0.16254,3.14159
3.5,0.0809479,0,-4.94017,0,-0.169059,3.14159
3.6,0.0849615,0,-4.93743,0,-0.175554,3.14159
3.7,0.0890136,0,-4.93468,0,-0.18202,3.14159
3.8,0.0931007,0,-4.93192,0,-0.188448,3.14159
3.9,0.0972194,0,-4.92916,0,-0.194835,3.14159
4,0.101366,0,-4.9264,0,-0.201173,3.14159
4.1,0.105539,0,-4.92363,0,-0.207457,3.14159
4.2,0.109733,0,-4.92086,0,-0.213683,3.14159
4.3,0.113947,0,-4.9181,0,-0.219846,3.14159
4.4,0.118177,0,-4.91534,0,-0.225941,3.14159
4.5,0.122421,0,-4.91258,0,-0.231964,3.14159
4.6,0.126677,0,-4.90982,0,-0.23791,3.14159
4.7,0.130942,0,-4.90707,0,-0.243777,3.14159
4.8,0.135214,0,-4.90433,0,-0.249561,3.14159
4.9,0.139491,0,-4.90159,0,-0.255258,3.14159
5,0.143771,0,-4.89886,0,-0.260865,3.14159
5.1,0.148052,0,-4.89613,0,-0.266381,3.14159
5.2,0.152332,0,-4.89342,0,-0.271802,3.14159
5.3,0.15661,0,-4.89071,0,-0.277126,3.14159
5.4,0.160885,0,-4.88801,0,-0.28235,3.14159
5.5,0.165154,0,-4.88532,0,-0.287474,3.14159
5.6,0.169417,0,-4.88264,0,-0.292496,3.14159
5.7,0.173672,0,-4.87997,0,-0.297413,3.14159
5.8,0.177919,0,-4.87731,0,-0.302225,3.14159
5.9,0.182156,0,-4.87466,0,-0.306931,3.14159
6,0.186383,0,-4.87202,0,-0.311529,3.14159
6.1,0.190598,0,-4.86939,0,-0.31602,3.14159
6.2,0.194801,0,-4.86677,0,-0.320402,3.14159
6.3,0.198992,0,-4.86416,0,-0.324675,3.14159
6.4,0.203169,0,-4.86156,0,-0.328839,3.14159
6.5,0.207333,0,-4.85897,0,-0.332894,3.14159
6.6,0.211482,0,-4.85638,0,-0.336839,3.14159
6.7,0.215617,0,-4.85381,0,-0.340676,3.14159
6.8,0.219736,0,-4.85125,0,-0.344403,3.14159
6.9,0.22384,0,-4.8487,0,-0.348023,3.14159
7,0.227929,0,-4.84615,0,-0.351534,3.14159
7.1,0.232003,0,-4.84362,0,-0.354939,3.14159
7.2,0.23606,0,-4.84109,0,-0.358237,3.14159
7.3,0.240102,0,-4.83858,0,-0.36143,3.14159
7.4,0.244128,0,-4.83607,0,-0.364518,3.14159
7.5,0.248138,0,-4.83357,0,-0.367503,3.14159
7.6,0.252132,0,-4.83108,0,-0.370385,3.14159
7.7,0.256111,0,-4.82859,0,-0.373166,3.14159
7.8,0.260074,0,-4.82612,0,-0.375848,3.14159
7.9,0.264021,0,-4.82365,0,-0.378431,3.14159
8,0.267953,0,-4.82119,0,-0.380916,3.14159
8.1,0.27187,0,-4.81874,0,-0.383307,3.14159
8.2,0.275772,0,-4.8163,0,-0.385603,3.14159
8.3,0.279659,0,-4.81386,0,-0.387806,3.14159
8.4,0.283531,0,-4.81143,0,-0.389919,3.14159
8.5,0.28739,0,-4.809,0,-0.391942,3.14159
8.6,0.291234,0,-4.80659,0,-0.393878,3.14159
8.7,0.295065,0,-4.80418,0,-0.395728,3.14159
8.8,0.298882,0,-4.80177,0,-0.397494,3.14159
8.9,0.302686,0,-4.79937,0,-0.399178,3.14159
9,0.306477,0,-4.79698,0,-0.400781,3.14159
9.1,0.310256,0,-4.79459,0,-0.402305,3.14159
9.2,0.314022,0,-4.79221,0,-0.403753,3.14159
9.3,0.317777,0,-4.78983,0,-0.405126,3.14159
9.4,0.32152,0,-4.78746,0,-0.406425,3.14159
9.5,0.325253,0,-4.78509,0,-0.407653,3.14159
9.6,0.328974,0,-4.78273,0,-0.408812,3.14159
9.7,0.332685,0,-4.78037,0,-0.409904,3.14159
9.8,0.336385,0,-4.77802,0,-0.41093,3.14159
9.9,0.340076,0,-4.77567,0,-0.411892,3.14159
10,0.343757,0,-4.77332,0,-0.412792,3.14159
10.1,0.34743,0,-4.77098,0,-0.413632,3.14159
10.2,0.351093,0,-4.76864,0,-0.414413,3.14159
10.3,0.354748,0,-4.76631,0,-0.415139,3.14159
10.4,0.358395,0,-4.76398,0,-0.415809,3.14159
10.5,0.362034,0,-4.76165,0,-0.416427,3.14159
10.6,0.365666,0,-4.75933,0,-0.416994,3.14159
10.7,0.369291,0,-4.75701,0,-0.417512,3.14159
10.8,0.372909,0,-4.75469,0,-0.417982,3.14159
10.9,0.37652,0,-4.75237,0,-0.418406,3.14159
11,0.380125,0,-4.75006,0,-0.418786,3.14159
11.1,0.383725,0,-4.74775,0,-0.419123,3.14159
11.2,0.387318,0,-4.74544,0,-0.41942,3.14159
11.3,0.390907,0,-4.74314,0,-0.419678,3.14159
11.4,0.394491,0,-4.74083,0,-0.419897,3.14159
11.5,0.39807,0,-4.73853,0,-0.420081,3.14159
11.6,0.401644,0,-4.73623,0,-0.42023,3.14159
11.7,0.405215,0,-4.73393,0,-0.420347,3.14159
11.8,0.408781,0,-4.73164,0,-0.420431,3.14159
11.9,0.412344,0,-4.72934,0,-0.420486,3.14159
12,0.415904,0,-4.72705,0,-0.420512,3.14159
12.1,0.41946,0,-4.72476,0,-0.42051,3.14159
12.2,0.423014,0,-4.72247,0,-0.420482,3.14159
12.3,0.426565,0,-4.72018,0,-0.42043,3.14159
12.4,0.430113,0,-4.71789,0,-0.420355,3.14159
12.5,0.43366,0,-4.7156,0,-0.420257,3.14159
12.6,0.438918,0,-4.71408,0,-0.419468,3.14159
12.7,0.445666,0,-4.71322,0,-0.416928,3.14159
12.8,0.452009,0,-4.71214,0,-0.412006,3.14159
12.9,0.455618,0,-4.70982,0,-0.405241,3.14159
13,0.459257,0,-4.7075,0,-0.396923,3.14159
13.1,0.462929,0,-4.70516,0,-0.387228,3.14159
13.2,0.466641,0,-4.70281,0,-0.376272,3.14159
13.3,0.470398,0,-4.70045,0,-0.364145,3.14159
13.4,0.474207,0,-4.69808,0,-0.350924,3.14159
13.5,0.478073,0,-4.69569,0,-0.336677,3.14159
13.6,0.482002,0,-4.69328,0,-0.321466,3.14159
13.7,0.486,0,-4.69085,0,-0.305353,3.14159
13.8,0.490074,0,-4.68839,0,-0.288395,3.14159
13.9,0.49423,0,-4.6859,0,-0.270649,3.14159
14,0.498473,0,-4.68338,0,-0.252169,3.14159
14.1,0.502811,0,-4.68083,0,-0.233008,3.14159
14.2,0.507248,0,-4.67823,0,-0.213218,3.14159
14.3,0.511791,0,-4.67559,0,-0.19285,3.14159
14.4,0.516446,0,-4.6729,0,-0.171952,3.14159
14.5,0.521219,0,-4.67015,0,-0.150572,3.14159
14.6,0.526116,0,-4.66734,0,-0.128758,3.14159
14.7,0.531142,0,-4.66447,0,-0.106554,3.14159
14.8,0.536303,0,-4.66152,0,-0.0840059,3.14159
14.9,0.541605,0,-4.65849,0,-0.0611565,3.14159
15,0.547052,0,-4.65538,0,-0.0380485,3.14159
15.1,0.552649,0,-4.65217,0,-0.0147233,3.14159
15.2,0.558402,0,-4.64886,0,0.00877882,3.14159
15.3,0.564315,0,-4.64544,0,0.0324185,3.14159
15.4,0.570392,0,-4.64191,0,0.0561575,3.14159
15.5,0.576637,0,-4.63825,0,0.0799587,3.14159
15.6,0.583055,0,-4.63447,0,0.103786,3.14159
15.7,0.589648,0,-4.63054,0,0.127605,3.14159
15.8,0.596419,0,-4.62646,0,0.151381,3.14159
15.9,0.603372,0,-4.62223,0,0.175082,3.14159
16,0.610508,0,-4.61783,0,0.198677,3.14159
16.1,0.61783,0,-4.61326,0,0.222135,3.14159
16.2,0.62534,0,-4.60851,0,0.245427,3.14159
16.3,0.633039,0,-4.60357,0,0.268526,3.14159
16.4,0.640928,0,-4.59842,0,0.291406,3.14159
16.5,0.649007,0,-4.59307,0,0.314041,3.14159
16.6,0.657278,0,-4.5875,0,0.336408,3.14159
16.7,0.665739,0,-4.58171,0,0.358484,3.14159
16.8,0.674392,0,-4.57569,0,0.380247,3.14159
16.9,0.683234,0,-4.56942,0,0.401679,3.14159
17,0.692265,0,-4.56291,0,0.422761,3.14159
17.1,0.701484,0,-4.55614,0,0.443475,3.14159
17.2,0.710889,0,-4.5491,0,0.463807,3.14159
17.3,0.720479,0,-4.54179,0,0.48374,3.14159
17.4,0.730251,0,-4.53421,0,0.503263,3.14159
17.5,0.740204,0,-4.52634,0,0.522362,3.14159
17.6,0.750335,0,-4.51818,0,0.541029,3.14159
17.7,0.760641,0,-4.50972,0,0.559252,3.14159
17.8,0.771119,0,-4.50095,0,0.577024,3.14159
17.9,0.781767,0,-4.49188,0,0.594337,3.14159
18,0.792583,0,-4.48249,0,0.611186,3.14159
18.1,0.803562,0,-4.47279,0,0.627565,3.14159
18.2,0.814702,0,-4.46276,0,0.643471,3.14159
18.3,0.826001,0,-4.4524,0,0.658901,3.14159
18.4,0.837454,0,-4.44171,0,0.673853,3.14159
18.5,0.849059,0,-4.43068,0,0.688325,3.14159
18.6,0.860814,0,-4.41932,0,0.702318,3.14159
18.7,0.872714,0,-4.40761,0,0.715832,3.14159
18.8,0.884759,0,-4.39556,0,0.728869,3.14159
18.9,0.896944,0,-4.38316,0,0.741431,3.14159
19,0.909268,0,-4.37041,0,0.75352,3.14159
19.1,0.921728,0,-4.35731,0,0.76514,3.14159
19.2,0.934322,0,-4.34386,0,0.776296,3.14159
19.3,0.947048,0,-4.33005,0,0.786991,3.14159
19.4,0.959905,0,-4.31589,0,0.79723,3.14159
19.5,0.97289,0,-4.30137,0,0.807021,3.14159
19.6,0.986003,0,-4.2865,0,0.816367,3.14159
19.7,0.999242,0,-4.27127,0,0.825277,3.14159
19.8,1.01261,0,-4.25568,0,0.833755,3.14159
19.9,1.0261,0,-4.23974,0,0.841811,3.14159
20,1.03971,0,-4.22345,0,0.84945,3.14159
20.1,1.05345,0,-4.2068,0,0.85668,3.14159
20.2,1.06731,0,-4.1898,0,0.86351,3.14159
20.3,1.08129,0,-4.17244,0,0.869946,3.14159
20.4,1.0954,0,-4.15474,0,0.875998,3.14159
20.5,1.10964,0,-4.13669,0,0.881674,3.14159
20.6,1.124,0,-4.11829,0,0.886981,3.14159
20.7,1.13849,0,-4.09954,0,0.891929,3.14159
20.8,1.15311,0,-4.08045,0,0.896525,3.14159
20.9,1.16786,0,-4.06103,0,0.900779,3.14159
21,1.18274,0,-4.04126,0,0.904699,3.14159
21.1,1.19775,0,-4.02116,0,0.908293,3.14159
21.2,1.2129,0,-4.00073,0,0.911571,3.14159
21.3,1.22819,0,-3.97997,0,0.914541,3.14159
21.4,1.24362,0,-3.95889,0,0.917211,3.14159
21.5,1.25919,0,-3.93748,0,0.91959,3.14159
21.6,1.27491,0,-3.91575,0,0.921687,3.14159
21.7,1.29078,0,-3.89371,0,0.92351,3.14159
21.8,1.3068,0,-3.87136,0,0.925067,3.14159
21.9,1.32297,0,-3.8487,0,0.926366,3.14159
22,1.33931,0,-3.82574,0,0.927417,3.14159
22.1,1.3558,0,-3.80248,0,0.928227,3.14159
22.2,1.37246,0,-3.77893,0,0.928803,3.14159
22.3,1.38928,0,-3.75508,0,0.929155,3.14159
22.4,1.40628,0,-3.73095,0,0.92929,3.14159
22.5,1.42345,0,-3.70655,0,0.929216,3.14159
22.6,1.4408,0,-3.68186,0,0.92894,3.14159
22.7,1.45832,0,-3.6569,0,0.92847,3.14159
22.8,1.47604,0,-3.63168,0,0.927814,3.14159
22.9,1.49394,0,-3.6062,0,0.926979,3.14159
23,1.51204,0,-3.58046,0,0.925972,3.14159
23.1,1.53033,0,-3.55447,0,0.924801,3.14159
23.2,1.54881,0,-3.52824,0,0.923472,3.14159
23.3,1.5675,0,-3.50176,0,0.921993,3.14159
23.4,1.5864,0,-3.47505,0,0.92037,3.14159
23.5,1.6055,0,-3.44811,0,0.91861,3.14159
23.6,1.62482,0,-3.42095,0,0.916721,3.14159
23.7,1.64434,0,-3.39357,0,0.914707,3.14159
23.8,1.66409,0,-3.36597,0,0.912577,3.14159
23.9,1.68406,0,-3.33816,0,0.910335,3.14159
24,1.70425,0,-3.31015,0,0.907989,3.14159
24.1,1.72467,0,-3.28195,0,0.905545,3.14159
24.2,1.74531,0,-3.25355,0,0.903008,3.14159
24.3,1.76619,0,-3.22496,0,0.900385,3.14159
24.4,1.7873,0,-3.1962,0,0.897682,3.14159
24.5,1.80864,0,-3.16725,0,0.894903,3.14159
24.6,1.83023,0,-3.13813,0,0.892056,3.14159
24.7,1.85205,0,-3.10885,0,0.889145,3.14159
24.8,1.87412,0,-3.07941,0,0.886175,3.14159
24.9,1.89643,0,-3.0498,0,0.883153,3.14159
25,1.91899,0,-3.02005,0,0.880083,3.14159
25.1,1.94179,0,-2.99015,0,0.876971,3.14159
25.2,1.96289,0,-2.96245,0,0.873057,3.14159
25.3,1.98394,0,-2.93495,0,0.867678,3.14159
25.4,2.00631,0,-2.90608,0,0.860714,3.14159
25.5,2.03017,0,-2.87574,0,0.852469,3.14159
25.6,2.05435,0,-2.84536,0,0.843105,3.14159
25.7,2.07888,0,-2.81498,0,0.832717,3.14159
25.8,2.10377,0,-2.78464,0,0.821369,3.14159
25.9,2.12904,0,-2.75436,0,0.809108,3.14159
26,2.1547,0,-2.72419,0,0.795975,3.14159
26.1,2.18078,0,-2.69416,0,0.782003,3.14159
26.2,2.20727,0,-2.66431,0,0.767225,3.14159
26.3,2.23418,0,-2.63468,0,0.751673,3.14159
26.4,2.26153,0,-2.6053,0,0.735375,3.14159
26.5,2.28932,0,-2.57622,0,0.718362,3.14159
26.6,2.31755,0,-2.54747,0,0.700661,3.14159
26.7,2.34621,0,-2.5191,0,0.682302,3.14159
26.8,2.37531,0,-2.49114,0,0.663311,3.14159
26.9,2.40484,0,-2.46364,0,0.643718,3.14159
27,2.43479,0,-2.43663,0,0.623549,3.14159
27.1,2.46515,0,-2.41015,0,0.602833,3.14159
27.2,2.4959,0,-2.38424,0,0.581598,3.14159
27.3,2.52704,0,-2.35893,0,0.559874,3.14159
27.4,2.55853,0,-2.33426,0,0.537687,3.14159
27.5,2.59037,0,-2.31027,0,0.515069,3.14159
27.6,2.62252,0,-2.28697,0,0.492047,3.14159
27.7,2.65496,0,-2.26441,0,0.468652,3.14159
27.8,2.68766,0,-2.24261,0,0.444915,3.14159
27.9,2.7206,0,-2.22159,0,0.420865,3.14159
28,2.75374,0,-2.20138,0,0.396533,3.14159
28.1,2.78706,0,-2.18199,0,0.371952,3.14159
28.2,2.82051,0,-2.16343,0,0.347151,3.14159
28.3,2.85406,0,-2.14574,0,0.322164,3.14159
28.4,2.88768,0,-2.12891,0,0.297021,3.14159
28.5,2.92133,0,-2.11295,0,0.271756,3.14159
28.6,2.95497,0,-2.09786,0,0.246399,3.14159
28.7,2.98858,0,-2.08366,0,0.220983,3.14159
28.8,3.02211,0,-2.07033,0,0.19554,3.14159
28.9,3.05553,0,-2.05787,0,0.170102,3.14159
29,3.08881,0,-2.04628,0,0.144699,3.14159
29.1,3.12191,0,-2.03554,0,0.119364,3.14159
29.2,3.1548,0,-2.02565,0,0.0941267,3.14159
29.3,3.18744,0,-2.01658,0,0.0690172,3.14159
29.4,3.21983,0,-2.00833,0,0.044065,3.14159
29.5,3.25191,0,-2.00087,0,0.019299,3.14159
29.6,3.28367,0,-1.99418,0,-0.00525286,3.14159
29.7,3.31509,0,-1.98825,0,-0.0295635,3.14159
29.8,3.34614,0,-1.98304,0,-0.0536067,3.14159
29.9,3.3768,0,-1.97854,0,-0.0773572,3.14159
30,3.40706,0,-1.97471,0,-0.100791,3.14159
30.1,3.43689,0,-1.97154,0,-0.123885,3.14159
30.2,3.46629,0,-1.96899,0,-0.146617,3.14159
30.3,3.49525,0,-1.96703,0,-0.168967,3.14159
30.4,3.52375,0,-1.96565,0,-0.190916,3.14159
30.5,3.55179,0,-1.96481,0,-0.212444,3.14159
30.6,3.57936,0,-1.96449,0,-0.233536,3.14159
30.7,3.60645,0,-1.96465,0,-0.254176,3.14159
30.8,3.63307,0,-1.96528,0,-0.274349,3.14159
30.9,3.65922,0,-1.96634,0,-0.294043,3.14159
31,3.68488,0,-1.96781,0,-0.313245,3.14159
31.1,3.71008,0,-1.96966,0,-0.331947,3.14159
31.2,3.7348,0,-1.97187,0,-0.350137,3.14159
31.3,3.75905,0,-1.97442,0,-0.36781,3.14159
31.4,3.78285,0,-1.97729,0,-0.384957,3.14159
31.5,3.80619,0,-1.98044,0,-0.401574,3.14159
31.6,3.82908,0,-1.98387,0,-0.417657,3.14159
31.7,3.85154,0,-1.98755,0,-0.433202,3.14159
31.8,3.87356,0,-1.99146,0,-0.448207,3.14159
31.9,3.89516,0,-1.99558,0,-0.462672,3.14159
32,3.91635,0,-1.99991,0,-0.476595,3.14159
32.1,3.93714,0,-2.00441,0,-0.48998,3.14159
32.2,3.95753,0,-2.00908,0,-0.502826,3.14159
32.3,3.97755,0,-2.0139,0,-0.515137,3.14159
32.4,3.99719,0,-2.01886,0,-0.526917,3.14159
32.5,4.01647,0,-2.02394,0,-0.53817,3.14159
32.6,4.03541,0,-2.02914,0,-0.548901,3.14159
32.7,4.05401,0,-2.03443,0,-0.559115,3.14159
32.8,4.07228,0,-2.03982,0,-0.568819,3.14159
32.9,4.09024,0,-2.04529,0,-0.57802,3.14159
33,4.10789,0,-2.05083,0,-0.586725,3.14159
33.1,4.12525,0,-2.05644,0,-0.594943,3.14159
33.2,4.14232,0,-2.0621,0,-0.602681,3.14159
33.3,4.15912,0,-2.06781,0,-0.609949,3.14159
33.4,4.17566,0,-2.07356,0,-0.616756,3.14159
33.5,4.19195,0,-2.07935,0,-0.62311,3.14159
33.6,4.20799,0,-2.08516,0,-0.629023,3.14159
33.7,4.2238,0,-2.091,0,-0.634504,3.14159
33.8,4.23939,0,-2.09686,0,-0.639563,3.14159
33.9,4.25476,0,-2.10273,0,-0.64421,3.14159
34,4.26992,0,-2.1086,0,-0.648458,3.14159
34.1,4.28489,0,-2.11449,0,-0.652315,3.14159
34.2,4.29967,0,-2.12037,0,-0.655794,3.14159
34.3,4.31427,0,-2.12625,0,-0.658904,3.14159
34.4,4.3287,0,-2.13213,0,-0.661658,3.14159
34.5,4.34296,0,-2.138,0,-0.664065,3.14159
34.6,4.35707,0,-2.14385,0,-0.666138,3.14159
34.7,4.37102,0,-2.14969,0,-0.667887,3.14159
34.8,4.38483,0,-2.15552,0,-0.669324,3.14159
34.9,4.39851,0,-2.16132,0,-0.670459,3.14159
35,4.41205,0,-2.1671,0,-0.671303,3.14159
35.1,4.42547,0,-2.17286,0,-0.671867,3.14159
35.2,4.43877,0,-2.1786,0,-0.672162,3.14159
35.3,4.45196,0,-2.18431,0,-0.672198,3.14159
35.4,4.46504,0,-2.18999,0,-0.671987,3.14159
35.5,4.47802,0,-2.19563,0,-0.671538,3.14159
35.6,4.49091,0,-2.20125,0,-0.670861,3.14159
35.7,4.5037,0,-2.20684,0,-0.669968,3.14159
35.8,4.51641,0,-2.21239,0,-0.668868,3.14159
35.9,4.52904,0,-2.21791,0,-0.66757,3.14159
36,4.54159,0,-2.22339,0,-0.666085,3.14159
36.1,4.55406,0,-2.22883,0,-0.664422,3.14159
36.2,4.56647,0,-2.23423,0,-0.662591,3.14159
36.3,4.57881,0,-2.2396,0,-0.6606,3.14159
36.4,4.59109,0,-2.24493,0,-0.658458,3.14159
36.5,4.60332,0,-2.25021,0,-0.656174,3.14159
36.6,4.61549,0,-2.25546,0,-0.653757,3.14159
36.7,4.62761,0,-2.26066,0,-0.651216,3.14159
36.8,4.63968,0,-2.26582,0,-0.648557,3.14159
36.9,4.6517,0,-2.27094,0,-0.64579,3.14159
37,4.66369,0,-2.27602,0,-0.642922,3.14159
37.1,4.67564,0,-2.28105,0,-0.63996,3.14159
37.2,4.68755,0,-2.28603,0,-0.636913,3.14159
37.3,4.69943,0,-2.29098,0,-0.633786,3.14159
37.4,4.71127,0,-2.29587,0,-0.630588,3.14159
37.5,4.72309,0,-2.30072,0,-0.627325,3.14159
37.6,4.73488,0,-2.30553,0,-0.624002,3.14159
37.7,4.74724,0,-2.31072,0,-0.620396,3.14159
37.8,4.76184,0,-2.31746,0,-0.615462,3.14159
37.9,4.77646,0,-2.32412,0,-0.608431,3.14159
38,4.78879,0,-2.32908,0,-0.599578,3.14159
38.1,4.80059,0,-2.33359,0,-0.589224,3.14159
38.2,4.81242,0,-2.33802,0,-0.577551,3.14159
38.3,4.8243,0,-2.34237,0,-0.564675,3.14159
38.4,4.83623,0,-2.34663,0,-0.55068,3.14159
38.5,4.84822,0,-2.3508,0,-0.535634,3.14159
38.6,4.86028,0,-2.35486,0,-0.519597,3.14159
38.7,4.87243,0,-2.35881,0,-0.502624,3.14159
38.8,4.88467,0,-2.36265,0,-0.484766,3.14159
38.9,4.89701,0,-2.36637,0,-0.466073,3.14159
39,4.90945,0,-2.36996,0,-0.446592,3.14159
39.1,4.92201,0,-2.37341,0,-0.42637,3.14159
39.2,4.9347,0,-2.37671,0,-0.405452,3.14159
39.3,4.94751,0,-2.37986,0,-0.383882,3.14159
39.4,4.96045,0,-2.38284,0,-0.361702,3.14159
39.5,4.97354,0,-2.38566,0,-0.338956,3.14159
39.6,4.98676,0,-2.38829,0,-0.315684,3.14159
39.7,5.00014,0,-2.39073,0,-0.291927,3.14159
39.8,5.01367,0,-2.39297,0,-0.267725,3.14159
39.9,5.02736,0,-2.395,0,-0.243116,3.14159
40,5.04121,0,-2.39681,0,-0.21814,3.14159
40.1,5.05522,0,-2.39838,0,-0.192835,3.14159
40.2,5.06939,0,-2.39971,0,-0.167237,3.14159
40.3,5.08372,0,-2.4008,0,-0.141383,3.14159
40.4,5.09821,0,-2.40161,0,-0.115311,3.14159
40.5,5.11287,0,-2.40216,0,-0.089054,3.14159
40.6,5.12769,0,-2.40242,0,-0.0626486,3.14159
40.7,5.14267,0,-2.40238,0,-0.036129,3.14159
40.8,5.15781,0,-2.40204,0,-0.00952885,3.14159
40.9,5.1731,0,-2.40139,0,0.0171186,3.14159
41,5.18855,0,-2.40041,0,0.043781,3.14159
41.1,5.20414,0,-2.3991,0,0.0704264,3.14159
41.2,5.21988,0,-2.39744,0,0.0970237,3.14159
41.3,5.23576,0,-2.39543,0,0.123543,3.14159
41.4,5.25177,0,-2.39305,0,0.149954,3.14159
41.5,5.26791,0,-2.39031,0,0.176228,3.14159
41.6,5.28417,0,-2.38718,0,0.202338,3.14159
41.7,5.30055,0,-2.38367,0,0.228257,3.14159
41.8,5.31704,0,-2.37977,0,0.253958,3.14159
41.9,5.33364,0,-2.37546,0,0.279417,3.14159
42,5.35033,0,-2.37075,0,0.304609,3.14159
42.1,5.36711,0,-2.36562,0,0.329511,3.14159
42.2,5.38398,0,-2.36008,0,0.354102,3.14159
42.3,5.40092,0,-2.35411,0,0.37836,3.14159
42.4,5.41794,0,-2.34771,0,0.402265,3.14159
42.5,5.43502,0,-2.34087,0,0.425799,3.14159
42.6,5.45215,0,-2.3336,0,0.448944,3.14159
42.7,5.46933,0,-2.32589,0,0.471682,3.14159
42.8,5.48656,0,-2.31773,0,0.494,3.14159
42.9,5.50383,0,-2.30913,0,0.515881,3.14159
43,5.52112,0,-2.30007,0,0.537314,3.14159
43.1,5.53844,0,-2.29057,0,0.558286,3.14159
43.2,5.55578,0,-2.28062,0,0.578785,3.14159
43.3,5.57313,0,-2.27021,0,0.598802,3.14159
43.4,5.59049,0,-2.25934,0,0.618328,3.14159
43.5,5.60785,0,-2.24802,0,0.637355,3.14159
43.6,5.62522,0,-2.23625,0,0.655875,3.14159
43.7,5.64258,0,-2.22402,0,0.673884,3.14159
43.8,5.65993,0,-2.21134,0,0.691376,3.14159
43.9,5.67727,0,-2.1982,0,0.708348,3.14159
44,5.6946,0,-2.18461,0,0.724795,3.14159
44.1,5.7119,0,-2.17056,0,0.740717,3.14159
44.2,5.72919,0,-2.15607,0,0.756111,3.14159
44.3,5.74646,0,-2.14112,0,0.770978,3.14159
44.4,5.76371,0,-2.12573,0,0.785317,3.14159
44.5,5.78094,0,-2.10989,0,0.79913,3.14159
44.6,5.79814,0,-2.0936,0,0.812418,3.14159
44.7,5.81532,0,-2.07687,0,0.825183,3.14159
44.8,5.83248,0,-2.05971,0,0.837429,3.14159
44.9,5.84961,0,-2.0421,0,0.849159,3.14159
45,5.86673,0,-2.02406,0,0.860377,3.14159
45.1,5.88383,0,-2.00559,0,0.871088,3.14159
45.2,5.9009,0,-1.98669,0,0.881297,3.14159
45.3,5.91797,0,-1.96736,0,0.89101,3.14159
45.4,5.93502,0,-1.9476,0,0.900232,3.14159
45.5,5.95207,0,-1.92743,0,0.908971,3.14159
45.6,5.9691,0,-1.90684,0,0.917231,3.14159
45.7,5.98614,0,-1.88584,0,0.925022,3.14159
45.8,6.00318,0,-1.86442,0,0.93235,3.14159
45.9,6.02022,0,-1.8426,0,0.939222,3.14159
46,6.03728,0,-1.82038,0,0.945647,3.14159
46.1,6.05435,0,-1.79776,0,0.951632,3.14159
46.2,6.07145,0,-1.77474,0,0.957186,3.14159
46.3,6.08857,0,-1.75134,0,0.962317,3.14159
46.4,6.10572,0,-1.72755,0,0.967034,3.14159
46.5,6.12291,0,-1.70338,0,0.971345,3.14159
46.6,6.14014,0,-1.67883,0,0.975259,3.14159
46.7,6.15743,0,-1.65391,0,0.978786,3.14159
46.8,6.17477,0,-1.62863,0,0.981933,3.14159
46.9,6.19218,0,-1.60299,0,0.98471,3.14159
47,6.20965,0,-1.57699,0,0.987126,3.14159
47.1,6.22721,0,-1.55064,0,0.98919,3.14159
47.2,6.24485,0,-1.52395,0,0.990912,3.14159
47.3,6.26257,0,-1.49692,0,0.9923,3.14159
47.4,6.2804,0,-1.46956,0,0.993363,3.14159
47.5,6.29833,0,-1.44187,0,0.994111,3.14159
47.6,6.31638,0,-1.41386,0,0.994553,3.14159
47.7,6.33455,0,-1.38554,0,0.994697,3.14159
47.8,6.35284,0,-1.35692,0,0.994554,3.14159
47.9,6.37127,0,-1.32799,0,0.994131,3.14159
48,6.38984,0,-1.29878,0,0.993438,3.14159
48.1,6.40856,0,-1.26927,0,0.992485,3.14159
48.2,6.42744,0,-1.23949,0,0.991279,3.14159
48.3,6.44648,0,-1.20944,0,0.98983,3.14159
48.4,6.46569,0,-1.17913,0,0.988147,3.14159
48.5,6.48508,0,-1.14856,0,0.986239,3.14159
48.6,6.50465,0,-1.11774,0,0.984114,3.14159
48.7,6.52441,0,-1.08667,0,0.981781,3.14159
48.8,6.54438,0,-1.05538,0,0.979248,3.14159
48.9,6.56454,0,-1.02386,0,0.976525,3.14159
49,6.58492,0,-0.992124,0,0.97362,3.14159
49.1,6.60551,0,-0.960177,0,0.970541,3.14159
49.2,6.62633,0,-0.928028,0,0.967296,3.14159
49.3,6.64737,0,-0.895685,0,0.963895,3.14159
49.4,6.66865,0,-0.863156,0,0.960344,3.14159
49.5,6.69017,0,-0.830448,0,0.956654,3.14159
49.6,6.71193,0,-0.79757,0,0.95283,3.14159
49.7,6.73394,0,-0.764529,0,0.948883,3.14159
49.8,6.7562,0,-0.731333,0,0.944819,3.14159
49.9,6.77872,0,-0.69799,0,0.940646,3.14159
50,6.80151,0,-0.664507,0,0.936373,3.14159
50.1,6.82456,0,-0.630891,0,0.932006,3.14159
50.2,6.84788,0,-0.597151,0,0.927554,3.14159
50.3,6.87032,0,-0.564817,0,0.922577,3.14159
50.4,6.89207,0,-0.533638,0,0.916378,3.14159
50.5,6.9144,0,-0.50196,0,0.908536,3.14159
50.6,6.93887,0,-0.467873,0,0.899387,3.14159
50.7,6.9637,0,-0.433778,0,0.889107,3.14159
50.8,6.98891,0,-0.399715,0,0.877796,3.14159
50.9,7.01452,0,-0.365721,0,0.865518,3.14159
51,7.04056,0,-0.331833,0,0.85232,3.14159
51.1,7.06704,0,-0.298091,0,0.838238,3.14159
51.2,7.09397,0,-0.264535,0,0.823307,3.14159
51.3,7.12137,0,-0.231207,0,0.807557,3.14159
51.4,7.14925,0,-0.198149,0,0.791015,3.14159
51.5,7.17762,0,-0.165404,0,0.773712,3.14159
51.6,7.20649,0,-0.133015,0,0.755673,3.14159
51.7,7.23584,0,-0.101026,0,0.736927,3.14159
51.8,7.2657,0,-0.0694806,0,0.717499,3.14159
51.9,7.29604,0,-0.0384237,0,0.697418,3.14159
52,7.32687,0,-0.00789866,0,0.676711,3.14159
52.1,7.35818,0,0.0220513,0,0.655404,3.14159
52.2,7.38995,0,0.0513837,0,0.633526,3.14159
52.3,7.42217,0,0.0800573,0,0.611105,3.14159
52.4,7.45482,0,0.108032,0,0.588169,3.14159
52.5,7.48788,0,0.13527,0,0.564748,3.14159
52.6,7.52132,0,0.161733,0,0.540871,3.14159
52.7,7.55512,0,0.187389,0,0.516569,3.14159
52.8,7.58925,0,0.212204,0,0.491872,3.14159
52.9,7.62368,0,0.23615,0,0.466811,3.14159
53,7.65837,0,0.259199,0,0.44142,3.14159
53.1,7.69329,0,0.281328,0,0.415729,3.14159
53.2,7.72841,0,0.302516,0,0.389773,3.14159
53.3,7.76367,0,0.322746,0,0.363585,3.14159
53.4,7.79905,0,0.342004,0,0.337198,3.14159
53.5,7.8345,0,0.36028,0,0.310646,3.14159
53.6,7.86998,0,0.377566,0,0.283965,3.14159
53.7,7.90545,0,0.39386,0,0.257188,3.14159
53.8,7.94087,0,0.40916,0,0.23035,3.14159
53.9,7.9762,0,0.42347,0,0.203485,3.14159
54,8.01139,0,0.436797,0,0.176628,3.14159
54.1,8.04642,0,0.44915,0,0.149813,3.14159
54.2,8.08124,0,0.460543,0,0.123074,3.14159
54.3,8.11581,0,0.470991,0,0.0964446,3.14159
54.4,8.15011,0,0.480512,0,0.0699566,3.14159
54.5,8.18409,0,0.489127,0,0.0436425,3.14159
54.6,8.21773,0,0.496859,0,0.0175338,3.14159
54.7,8.25101,0,0.503733,0,-0.0083392,3.14159
54.8,8.28388,0,0.509776,0,-0.0339469,3.14159
54.9,8.31633,0,0.515015,0,-0.0592608,3.14159
55,8.34834,0,0.519481,0,-0.0842536,3.14159
55.1,8.37989,0,0.523203,0,-0.108899,3.14159
55.2,8.41096,0,0.526213,0,-0.133172,3.14159
55.3,8.44154,0,0.528543,0,-0.15705,3.14159
55.4,8.47162,0,0.530224,0,-0.180509,3.14159
55.5,8.50118,0,0.531289,0,-0.203529,3.14159
55.6,8.53022,0,0.531769,0,-0.226091,3.14159
55.7,8.55873,0,0.531696,0,-0.248176,3.14159
55.8,8.58672,0,0.531101,0,-0.269768,3.14159
55.9,8.61417,0,0.530016,0,-0.290852,3.14159
56,8.64109,0,0.52847,0,-0.311414,3.14159
56.1,8.66748,0,0.526492,0,-0.331442,3.14159
56.2,8.69335,0,0.52411,0,-0.350926,3.14159
56.3,8.7187,0,0.521352,0,-0.369856,3.14159
56.4,8.74353,0,0.518245,0,-0.388224,3.14159
56.5,8.76786,0,0.514813,0,-0.406023,3.14159
56.6,8.79169,0,0.51108,0,-0.423248,3.14159
56.7,8.81503,0,0.507069,0,-0.439896,3.14159
56.8,8.83789,0,0.502803,0,-0.455964,3.14159
56.9,8.86028,0,0.498302,0,-0.471449,3.14159
57,8.88222,0,0.493586,0,-0.486353,3.14159
57.1,8.90371,0,0.488672,0,-0.500674,3.14159
57.2,8.92477,0,0.483579,0,-0.514416,3.14159
57.3,8.9454,0,0.478323,0,-0.52758,3.14159
57.4,8.96563,0,0.47292,0,-0.540171,3.14159
57.5,8.98546,0,0.467382,0,-0.552192,3.14159
57.6,9.00491,0,0.461725,0,-0.56365,3.14159
57.7,9.02398,0,0.455961,0,-0.574549,3.14159
57.8,9.0427,0,0.4501,0,-0.584898,3.14159
57.9,9.06108,0,0.444155,0,-0.594703,3.14159
58,9.07912,0,0.438135,0,-0.603973,3.14159
58.1,9.09683,0,0.43205,0,-0.612715,3.14159
58.2,9.11424,0,0.425908,0,-0.62094,3.14159
58.3,9.13136,0,0.419718,0,-0.628656,3.14159
58.4,9.14819,0,0.413486,0,-0.635874,3.14159
58.5,9.16474,0,0.407221,0,-0.642604,3.14159
58.6,9.18103,0,0.400928,0,-0.648857,3.14159
58.7,9.19707,0,0.394612,0,-0.654642,3.14159
58.8,9.21287,0,0.388281,0,-0.659973,3.14159
58.9,9.22844,0,0.381938,0,-0.66486,3.14159
59,9.24378,0,0.375589,0,-0.669314,3.14159
59.1,9.25892,0,0.369238,0,-0.673348,3.14159
59.2,9.27385,0,0.362888,0,-0.676974,3.14159
59.3,9.28859,0,0.356544,0,-0.680202,3.14159
59.4,9.30315,0,0.350208,0,-0.683046,3.14159
59.5,9.31753,0,0.343885,0,-0.685517,3.14159
59.6,9.33174,0,0.337576,0,-0.687627,3.14159
59.7,9.3458,0,0.331285,0,-0.689389,3.14159
59.8,9.3597,0,0.325015,0,-0.690814,3.14159
59.9,9.37346,0,0.318766,0,-0.691914,3.14159
60,9.38708,0,0.312543,0,-0.692702,3.14159
60.1,9.40057,0,0.306346,0,-0.693189,3.14159
60.2,9.41394,0,0.300177,0,-0.693386,3.14159
60.3,9.42719,0,0.294039,0,-0.693306,3.14159
60.4,9.44033,0,0.287932,0,-0.692959,3.14159
60.5,9.45337,0,0.281859,0,-0.692358,3.14159
60.6,9.46631,0,0.27582,0,-0.691512,3.14159
60.7,9.47915,0,0.269818,0,-0.690434,3.14159
60.8,9.4919,0,0.263852,0,-0.689135,3.14159